bin,#recs,#g,#b,%g,%b,tot,cg,cb,%cg,FDR,KS,FPR
0.0,0.0,0.0,0.0,0.0,0.0,0.0,0.0,0.0,0.0,0.0,0.0,0.0
1.0,121.0,59.0,62.0,48.760330578512395,51.239669421487605,121.0,59.0,62.0,0.4950079704673211,34.63687150837989,34.14186353791257,0.9516129032258065
2.0,121.0,101.0,20.0,83.47107438016529,16.52892561983471,242.0,160.0,82.0,1.3423944961825656,45.81005586592179,44.467661369739226,1.951219512195122
3.0,121.0,106.0,15.0,87.60330578512396,12.396694214876035,363.0,266.0,97.0,2.2317308499035153,54.18994413407821,51.9582132841747,2.7422680412371134
4.0,121.0,115.0,6.0,95.04132231404958,4.95867768595042,484.0,381.0,103.0,3.1965768940347346,57.54189944134078,54.34532254730605,3.6990291262135924
5.0,121.0,120.0,1.0,99.17355371900827,0.8264462809917319,605.0,501.0,104.0,4.2033727661716584,58.100558659217874,53.89718589304621,4.8173076923076925
6.0,121.0,120.0,1.0,99.17355371900827,0.8264462809917319,726.0,621.0,105.0,5.210168638308583,58.659217877094974,53.449049238786394,5.914285714285715
7.0,121.0,121.0,0.0,100.0,0.0,847.0,742.0,105.0,6.225354476046649,58.659217877094974,52.43386340104833,7.066666666666666
8.0,121.0,117.0,4.0,96.69421487603306,3.305785123966942,968.0,859.0,109.0,7.206980451380149,60.89385474860335,53.686874297223206,7.8807339449541285
9.0,121.0,117.0,4.0,96.69421487603306,3.305785123966942,1089.0,976.0,113.0,8.188606426713651,63.12849162011173,54.939885193398084,8.63716814159292
10.0,121.0,118.0,3.0,97.52066115702479,2.47933884297521,1210.0,1094.0,116.0,9.178622367648293,64.80446927374301,55.625846906094715,9.431034482758621
11.0,121.0,121.0,0.0,100.0,0.0,1331.0,1215.0,116.0,10.193808205386357,64.80446927374301,54.61066106835665,10.474137931034482
12.0,121.0,120.0,1.0,99.17355371900827,0.8264462809917319,1452.0,1335.0,117.0,11.200604077523282,65.36312849162012,54.162524414096836,11.41025641025641
13.0,121.0,117.0,4.0,96.69421487603306,3.305785123966942,1573.0,1452.0,121.0,12.182230052856783,67.59776536312849,55.41553531027171,12.0
14.0,121.0,120.0,1.0,99.17355371900827,0.8264462809917319,1694.0,1572.0,122.0,13.189025924993707,68.15642458100558,54.96739865601187,12.885245901639344
15.0,121.0,120.0,1.0,99.17355371900827,0.8264462809917319,1815.0,1692.0,123.0,14.195821797130632,68.71508379888269,54.519262001752054,13.75609756097561
16.0,121.0,120.0,1.0,99.17355371900827,0.8264462809917319,1936.0,1812.0,124.0,15.202617669267555,69.27374301675978,54.07112534749223,14.612903225806452
17.0,121.0,121.0,0.0,100.0,0.0,2057.0,1933.0,124.0,16.21780350700562,69.27374301675978,53.05593950975416,15.588709677419354
18.0,121.0,117.0,4.0,96.69421487603306,3.305785123966942,2178.0,2050.0,128.0,17.199429482339124,71.50837988826815,54.308950405929025,16.015625
19.0,121.0,118.0,3.0,97.52066115702479,2.47933884297521,2299.0,2168.0,131.0,18.189445423273764,73.18435754189944,54.99491211862568,16.549618320610687
20.0,121.0,121.0,0.0,100.0,0.0,2420.0,2289.0,131.0,19.20463126101183,73.18435754189944,53.97972628088762,17.47328244274809
21.0,121.0,120.0,1.0,99.17355371900827,0.8264462809917319,2541.0,2409.0,132.0,20.211427133148753,73.74301675977654,53.531589626627785,18.25
22.0,121.0,121.0,0.0,100.0,0.0,2662.0,2530.0,132.0,21.22661297088682,73.74301675977654,52.51640378888972,19.166666666666668
23.0,121.0,120.0,1.0,99.17355371900827,0.8264462809917319,2783.0,2650.0,133.0,22.233408843023742,74.30167597765363,52.06826713462989,19.924812030075188
24.0,121.0,120.0,1.0,99.17355371900827,0.8264462809917319,2904.0,2770.0,134.0,23.24020471516067,74.86033519553072,51.62013048037005,20.671641791044777
25.0,120.0,119.0,1.0,99.16666666666667,0.8333333333333286,3024.0,2889.0,135.0,24.238610621696452,75.41899441340782,51.180383791711364,21.4
26.0,121.0,114.0,7.0,94.21487603305785,5.785123966942152,3145.0,3003.0,142.0,25.19506670022653,79.32960893854748,54.13454223832095,21.14788732394366
27.0,121.0,118.0,3.0,97.52066115702479,2.47933884297521,3266.0,3121.0,145.0,26.18508264116117,81.00558659217877,54.8205039510176,21.52413793103448
28.0,121.0,120.0,1.0,99.17355371900827,0.8264462809917319,3387.0,3241.0,146.0,27.191878513298096,81.56424581005587,54.37236729675777,22.198630136986303
29.0,121.0,120.0,1.0,99.17355371900827,0.8264462809917319,3508.0,3361.0,147.0,28.19867438543502,82.12290502793296,53.92423064249794,22.86394557823129
30.0,121.0,120.0,1.0,99.17355371900827,0.8264462809917319,3629.0,3481.0,148.0,29.205470257571942,82.68156424581005,53.476093988238105,23.52027027027027
31.0,121.0,119.0,2.0,98.34710743801652,1.652892561983478,3750.0,3600.0,150.0,30.203876164107726,83.79888268156425,53.595006517456525,24.0
32.0,121.0,120.0,1.0,99.17355371900827,0.8264462809917319,3871.0,3720.0,151.0,31.210672036244652,84.35754189944134,53.14686986319669,24.635761589403973
33.0,121.0,121.0,0.0,100.0,0.0,3992.0,3841.0,151.0,32.22585787398272,84.35754189944134,52.131684025458625,25.43708609271523
34.0,121.0,121.0,0.0,100.0,0.0,4113.0,3962.0,151.0,33.241043711720785,84.35754189944134,51.11649818772056,26.23841059602649
35.0,121.0,120.0,1.0,99.17355371900827,0.8264462809917319,4234.0,4082.0,152.0,34.247839583857704,84.91620111731844,50.66836153346073,26.855263157894736
36.0,121.0,120.0,1.0,99.17355371900827,0.8264462809917319,4355.0,4202.0,153.0,35.25463545599463,85.47486033519553,50.2202248792009,27.464052287581698
37.0,121.0,119.0,2.0,98.34710743801652,1.652892561983478,4476.0,4321.0,155.0,36.25304136253041,86.59217877094972,50.339137408419305,27.87741935483871
38.0,121.0,120.0,1.0,99.17355371900827,0.8264462809917319,4597.0,4441.0,156.0,37.25983723466734,87.15083798882682,49.891000754159485,28.46794871794872
39.0,121.0,121.0,0.0,100.0,0.0,4718.0,4562.0,156.0,38.2750230724054,87.15083798882682,48.87581491642142,29.243589743589745
40.0,121.0,120.0,1.0,99.17355371900827,0.8264462809917319,4839.0,4682.0,157.0,39.28181894454233,87.70949720670392,48.427678262161585,29.821656050955415
41.0,121.0,121.0,0.0,100.0,0.0,4960.0,4803.0,157.0,40.29700478228039,87.70949720670392,47.412492424423526,30.59235668789809
42.0,121.0,121.0,0.0,100.0,0.0,5081.0,4924.0,157.0,41.312190620018455,87.70949720670392,46.39730658668546,31.363057324840764
43.0,121.0,121.0,0.0,100.0,0.0,5202.0,5045.0,157.0,42.32737645775652,87.70949720670392,45.38212074894739,32.13375796178344
44.0,121.0,121.0,0.0,100.0,0.0,5323.0,5166.0,157.0,43.34256229549459,87.70949720670392,44.36693491120933,32.904458598726116
45.0,121.0,121.0,0.0,100.0,0.0,5444.0,5287.0,157.0,44.357748133232654,87.70949720670392,43.35174907347126,33.67515923566879
46.0,121.0,121.0,0.0,100.0,0.0,5565.0,5408.0,157.0,45.37293397097072,87.70949720670392,42.336563235733195,34.445859872611464
47.0,121.0,121.0,0.0,100.0,0.0,5686.0,5529.0,157.0,46.38811980870879,87.70949720670392,41.32137739799513,35.21656050955414
48.0,121.0,121.0,0.0,100.0,0.0,5807.0,5650.0,157.0,47.40330564644685,87.70949720670392,40.30619156025706,35.98726114649681
49.0,121.0,121.0,0.0,100.0,0.0,5928.0,5771.0,157.0,48.41849148418491,87.70949720670392,39.291005722519,36.75796178343949
50.0,121.0,121.0,0.0,100.0,0.0,6049.0,5892.0,157.0,49.43367732192298,87.70949720670392,38.27581988478094,37.52866242038217
51.0,121.0,120.0,1.0,99.17355371900827,0.8264462809917319,6170.0,6012.0,158.0,50.440473194059905,88.26815642458101,37.8276832305211,38.050632911392405
52.0,121.0,121.0,0.0,100.0,0.0,6291.0,6133.0,158.0,51.45565903179797,88.26815642458101,36.81249739278304,38.81645569620253
53.0,121.0,121.0,0.0,100.0,0.0,6412.0,6254.0,158.0,52.47084486953604,88.26815642458101,35.79731155504497,39.58227848101266
54.0,121.0,120.0,1.0,99.17355371900827,0.8264462809917319,6533.0,6374.0,159.0,53.47764074167296,88.8268156424581,35.349174900785144,40.088050314465406
55.0,121.0,121.0,0.0,100.0,0.0,6654.0,6495.0,159.0,54.49282657941102,88.8268156424581,34.33398906304708,40.84905660377358
56.0,121.0,121.0,0.0,100.0,0.0,6775.0,6616.0,159.0,55.50801241714909,88.8268156424581,33.31880322530901,41.61006289308176
57.0,121.0,121.0,0.0,100.0,0.0,6896.0,6737.0,159.0,56.523198254887156,88.8268156424581,32.303617387570945,42.37106918238994
58.0,121.0,121.0,0.0,100.0,0.0,7017.0,6858.0,159.0,57.53838409262522,88.8268156424581,31.28843154983288,43.132075471698116
59.0,121.0,121.0,0.0,100.0,0.0,7138.0,6979.0,159.0,58.55356993036329,88.8268156424581,30.273245712094813,43.893081761006286
60.0,121.0,119.0,2.0,98.34710743801652,1.652892561983478,7259.0,7098.0,161.0,59.55197583689907,89.94413407821229,30.39215824131322,44.08695652173913
61.0,121.0,120.0,1.0,99.17355371900827,0.8264462809917319,7380.0,7218.0,162.0,60.558771709035994,90.50279329608938,29.944021587053385,44.55555555555556
62.0,121.0,120.0,1.0,99.17355371900827,0.8264462809917319,7501.0,7338.0,163.0,61.565567581172914,91.06145251396649,29.495884932793572,45.01840490797546
63.0,121.0,121.0,0.0,100.0,0.0,7622.0,7459.0,163.0,62.58075341891098,91.06145251396649,28.480699095055506,45.760736196319016
64.0,121.0,121.0,0.0,100.0,0.0,7743.0,7580.0,163.0,63.59593925664905,91.06145251396649,27.46551325731744,46.50306748466258
65.0,121.0,121.0,0.0,100.0,0.0,7864.0,7701.0,163.0,64.61112509438712,91.06145251396649,26.450327419579367,47.24539877300614
66.0,121.0,121.0,0.0,100.0,0.0,7985.0,7822.0,163.0,65.62631093212518,91.06145251396649,25.435141581841307,47.987730061349694
67.0,121.0,121.0,0.0,100.0,0.0,8106.0,7943.0,163.0,66.64149676986324,91.06145251396649,24.419955744103248,48.73006134969325
68.0,121.0,116.0,5.0,95.86776859504133,4.132231404958674,8227.0,8059.0,168.0,67.6147327795956,93.85474860335195,26.24001582375635,47.970238095238095
69.0,121.0,121.0,0.0,100.0,0.0,8348.0,8180.0,168.0,68.62991861733367,93.85474860335195,25.22482998601828,48.69047619047619
70.0,121.0,121.0,0.0,100.0,0.0,8469.0,8301.0,168.0,69.64510445507173,93.85474860335195,24.20964414828022,49.410714285714285
71.0,121.0,121.0,0.0,100.0,0.0,8590.0,8422.0,168.0,70.6602902928098,93.85474860335195,23.194458310542146,50.13095238095238
72.0,121.0,121.0,0.0,100.0,0.0,8711.0,8543.0,168.0,71.67547613054786,93.85474860335195,22.179272472804087,50.851190476190474
73.0,121.0,121.0,0.0,100.0,0.0,8832.0,8664.0,168.0,72.69066196828592,93.85474860335195,21.164086635066027,51.57142857142857
74.0,121.0,121.0,0.0,100.0,0.0,8953.0,8785.0,168.0,73.705847806024,93.85474860335195,20.148900797327954,52.291666666666664
75.0,121.0,121.0,0.0,100.0,0.0,9074.0,8906.0,168.0,74.72103364376206,93.85474860335195,19.133714959589895,53.01190476190476
76.0,120.0,120.0,0.0,100.0,0.0,9194.0,9026.0,168.0,75.72782951589899,93.85474860335195,18.12691908745296,53.726190476190474
77.0,121.0,121.0,0.0,100.0,0.0,9315.0,9147.0,168.0,76.74301535363705,93.85474860335195,17.111733249714902,54.44642857142857
78.0,121.0,121.0,0.0,100.0,0.0,9436.0,9268.0,168.0,77.75820119137512,93.85474860335195,16.09654741197683,55.166666666666664
79.0,121.0,121.0,0.0,100.0,0.0,9557.0,9389.0,168.0,78.77338702911318,93.85474860335195,15.08136157423877,55.88690476190476
80.0,121.0,121.0,0.0,100.0,0.0,9678.0,9510.0,168.0,79.78857286685124,93.85474860335195,14.06617573650071,56.607142857142854
81.0,121.0,121.0,0.0,100.0,0.0,9799.0,9631.0,168.0,80.80375870458931,93.85474860335195,13.050989898762637,57.32738095238095
82.0,121.0,118.0,3.0,97.52066115702479,2.47933884297521,9920.0,9749.0,171.0,81.79377464552395,95.53072625698324,13.73695161145929,57.01169590643275
83.0,121.0,121.0,0.0,100.0,0.0,10041.0,9870.0,171.0,82.80896048326201,95.53072625698324,12.72176577372123,57.719298245614034
84.0,121.0,121.0,0.0,100.0,0.0,10162.0,9991.0,171.0,83.82414632100009,95.53072625698324,11.706579935983157,58.42690058479532
85.0,121.0,121.0,0.0,100.0,0.0,10283.0,10112.0,171.0,84.83933215873815,95.53072625698324,10.691394098245098,59.134502923976605
86.0,121.0,120.0,1.0,99.17355371900827,0.8264462809917319,10404.0,10232.0,172.0,85.84612803087508,96.08938547486034,10.243257443985257,59.48837209302326
87.0,121.0,121.0,0.0,100.0,0.0,10525.0,10353.0,172.0,86.86131386861314,96.08938547486034,9.228071606247198,60.19186046511628
88.0,121.0,121.0,0.0,100.0,0.0,10646.0,10474.0,172.0,87.8764997063512,96.08938547486034,8.212885768509139,60.895348837209305
89.0,121.0,121.0,0.0,100.0,0.0,10767.0,10595.0,172.0,88.89168554408927,96.08938547486034,7.197699930771066,61.598837209302324
90.0,121.0,121.0,0.0,100.0,0.0,10888.0,10716.0,172.0,89.90687138182733,96.08938547486034,6.1825140930330065,62.30232558139535
91.0,121.0,121.0,0.0,100.0,0.0,11009.0,10837.0,172.0,90.9220572195654,96.08938547486034,5.167328255294933,63.00581395348837
92.0,121.0,121.0,0.0,100.0,0.0,11130.0,10958.0,172.0,91.93724305730346,96.08938547486034,4.152142417556874,63.7093023255814
93.0,121.0,121.0,0.0,100.0,0.0,11251.0,11079.0,172.0,92.95242889504154,96.08938547486034,3.1369565798188006,64.41279069767442
94.0,121.0,121.0,0.0,100.0,0.0,11372.0,11200.0,172.0,93.9676147327796,96.08938547486034,2.1217707420807415,65.11627906976744
95.0,121.0,121.0,0.0,100.0,0.0,11493.0,11321.0,172.0,94.98280057051767,96.08938547486034,1.106584904342668,65.81976744186046
96.0,121.0,121.0,0.0,100.0,0.0,11614.0,11442.0,172.0,95.99798640825573,96.08938547486034,0.09139906660460895,66.52325581395348
97.0,121.0,120.0,1.0,99.17355371900827,0.8264462809917319,11735.0,11562.0,173.0,97.00478228039265,96.64804469273743,-0.3567375876552177,66.83236994219654
98.0,121.0,119.0,2.0,98.34710743801652,1.652892561983478,11856.0,11681.0,175.0,98.00318818692844,97.76536312849161,-0.237825058436826,66.74857142857142
99.0,121.0,120.0,1.0,99.17355371900827,0.8264462809917319,11977.0,11801.0,176.0,99.00998405906536,98.32402234636872,-0.6859617126966384,67.05113636363636
100.0,121.0,118.0,3.0,97.52066115702479,2.47933884297521,12098.0,11919.0,179.0,100.0,100.0,0.0,66.58659217877096
