bin,#recs,#g,#b,%g,%b,tot,cg,cb,%cg,FDR,KS,FPR
0.0,0.0,0.0,0.0,0.0,0.0,0.0,0.0,0.0,0.0,0.0,0.0,0.0
1.0,590.0,244.0,346.0,41.355932203389834,58.644067796610166,590.0,244.0,346.0,0.41782968303166257,56.5359477124183,56.118118029386636,0.7052023121387283
2.0,590.0,488.0,102.0,82.71186440677967,17.288135593220332,1180.0,732.0,448.0,1.2534890490949877,73.20261437908496,71.94912532998998,1.6339285714285714
3.0,590.0,563.0,27.0,95.42372881355932,4.576271186440678,1770.0,1295.0,475.0,2.2175796701885373,77.61437908496733,75.39679941477878,2.7263157894736842
4.0,590.0,583.0,7.0,98.8135593220339,1.1864406779661039,2360.0,1878.0,482.0,3.215918625956813,78.75816993464052,75.5422513086837,3.896265560165975
5.0,590.0,577.0,13.0,97.79661016949153,2.2033898305084705,2950.0,2455.0,495.0,4.20398308132267,80.88235294117646,76.67836985985379,4.959595959595959
6.0,591.0,588.0,3.0,99.49238578680203,0.507614213197968,3541.0,3043.0,498.0,5.210884120759628,81.37254901960785,76.16166489884822,6.110441767068273
7.0,590.0,587.0,3.0,99.49152542372882,0.5084745762711833,4131.0,3630.0,501.0,6.216072743462849,81.86274509803921,75.64667235457637,7.245508982035928
8.0,590.0,583.0,7.0,98.8135593220339,1.1864406779661039,4721.0,4213.0,508.0,7.214411699231125,83.00653594771242,75.7921242484813,8.293307086614174
9.0,590.0,585.0,5.0,99.15254237288136,0.8474576271186436,5311.0,4798.0,513.0,8.216175488466874,83.82352941176471,75.60735392329784,9.352826510721247
10.0,590.0,587.0,3.0,99.49152542372882,0.5084745762711833,5901.0,5385.0,516.0,9.221364111170095,84.31372549019608,75.09236137902599,10.436046511627907
11.0,590.0,583.0,7.0,98.8135593220339,1.1864406779661039,6491.0,5968.0,523.0,10.21970306693837,85.45751633986929,75.23781327293092,11.411089866156788
12.0,590.0,587.0,3.0,99.49152542372882,0.5084745762711833,7081.0,6555.0,526.0,11.224891689641591,85.94771241830065,74.72282072865906,12.461977186311787
13.0,590.0,585.0,5.0,99.15254237288136,0.8474576271186436,7671.0,7140.0,531.0,12.226655478877339,86.76470588235294,74.53805040347561,13.44632768361582
14.0,590.0,585.0,5.0,99.15254237288136,0.8474576271186436,8261.0,7725.0,536.0,13.228419268113088,87.58169934640523,74.35328007829214,14.412313432835822
15.0,590.0,585.0,5.0,99.15254237288136,0.8474576271186436,8851.0,8310.0,541.0,14.230183057348837,88.39869281045752,74.16850975310868,15.360443622920517
16.0,590.0,588.0,2.0,99.66101694915254,0.3389830508474603,9441.0,8898.0,543.0,15.237084096785793,88.72549019607843,73.48840609929263,16.386740331491712
17.0,591.0,589.0,2.0,99.66159052453469,0.33840947546531197,10032.0,9487.0,545.0,16.245697552956486,89.05228758169935,72.80659002874286,17.407339449541283
18.0,590.0,589.0,1.0,99.83050847457628,0.16949152542372303,10622.0,10076.0,546.0,17.254311009127182,89.2156862745098,71.96137526538263,18.454212454212453
19.0,590.0,587.0,3.0,99.49152542372882,0.5084745762711833,11212.0,10663.0,549.0,18.2594996318304,89.70588235294117,71.44638272111078,19.422586520947178
20.0,590.0,589.0,1.0,99.83050847457628,0.16949152542372303,11802.0,11252.0,550.0,19.268113088001098,89.86928104575163,70.60116795775053,20.458181818181817
21.0,590.0,586.0,4.0,99.32203389830508,0.6779661016949206,12392.0,11838.0,554.0,20.27158929397058,90.52287581699346,70.25128652302288,21.36823104693141
22.0,590.0,589.0,1.0,99.83050847457628,0.16949152542372303,12982.0,12427.0,555.0,21.280202750141274,90.68627450980392,69.40607175966265,22.39099099099099
23.0,590.0,587.0,3.0,99.49152542372882,0.5084745762711833,13572.0,13014.0,558.0,22.285391372844494,91.17647058823529,68.89107921539079,23.322580645161292
24.0,590.0,586.0,4.0,99.32203389830508,0.6779661016949206,14162.0,13600.0,562.0,23.28886757881398,91.83006535947712,68.54119778066314,24.199288256227756
25.0,590.0,588.0,2.0,99.66101694915254,0.3389830508474603,14752.0,14188.0,564.0,24.29576861825094,92.15686274509804,67.86109412684709,25.156028368794328
26.0,590.0,589.0,1.0,99.83050847457628,0.16949152542372303,15342.0,14777.0,565.0,25.304382074421632,92.3202614379085,67.01587936348687,26.153982300884955
27.0,590.0,588.0,2.0,99.66101694915254,0.3389830508474603,15932.0,15365.0,567.0,26.31128311385859,92.6470588235294,66.33577570967081,27.098765432098766
28.0,591.0,590.0,1.0,99.83079526226734,0.16920473773265599,16523.0,15955.0,568.0,27.321608986763017,92.81045751633987,65.48884852957684,28.089788732394368
29.0,590.0,589.0,1.0,99.83050847457628,0.16949152542372303,17113.0,16544.0,569.0,28.330222442933714,92.97385620915033,64.64363376621661,29.075571177504393
30.0,590.0,589.0,1.0,99.83050847457628,0.16949152542372303,17703.0,17133.0,570.0,29.338835899104406,93.13725490196079,63.79841900285638,30.057894736842105
31.0,590.0,590.0,0.0,100.0,0.0,18293.0,17723.0,570.0,30.349161772008838,93.13725490196079,62.788093129951946,31.09298245614035
32.0,590.0,588.0,2.0,99.66101694915254,0.3389830508474603,18883.0,18311.0,572.0,31.356062811445792,93.4640522875817,62.1079894761359,32.01223776223776
33.0,590.0,590.0,0.0,100.0,0.0,19473.0,18901.0,572.0,32.36638868435023,93.4640522875817,61.09766360323147,33.04370629370629
34.0,590.0,590.0,0.0,100.0,0.0,20063.0,19491.0,572.0,33.37671455725465,93.4640522875817,60.08733773032704,34.07517482517483
35.0,590.0,587.0,3.0,99.49152542372882,0.5084745762711833,20653.0,20078.0,575.0,34.381903179957874,93.95424836601308,59.5723451860552,34.918260869565216
36.0,590.0,583.0,7.0,98.8135593220339,1.1864406779661039,21243.0,20661.0,582.0,35.38024213572615,95.09803921568627,59.71779707996012,35.5
37.0,590.0,589.0,1.0,99.83050847457628,0.16949152542372303,21833.0,21250.0,583.0,36.38885559189684,95.26143790849673,58.87258231659989,36.449399656946824
38.0,590.0,590.0,0.0,100.0,0.0,22423.0,21840.0,583.0,37.39918146480127,95.26143790849673,57.86225644369546,37.46140651801029
39.0,591.0,590.0,1.0,99.83079526226734,0.16920473773265599,23014.0,22430.0,584.0,38.409507337705705,95.42483660130719,57.01532926360149,38.407534246575345
40.0,590.0,590.0,0.0,100.0,0.0,23604.0,23020.0,584.0,39.419833210610136,95.42483660130719,56.005003390697055,39.417808219178085
41.0,590.0,590.0,0.0,100.0,0.0,24194.0,23610.0,584.0,40.43015908351457,95.42483660130719,54.994677517792624,40.428082191780824
42.0,590.0,590.0,0.0,100.0,0.0,24784.0,24200.0,584.0,41.44048495641899,95.42483660130719,53.9843516448882,41.43835616438356
43.0,590.0,590.0,0.0,100.0,0.0,25374.0,24790.0,584.0,42.45081082932342,95.42483660130719,52.97402577198377,42.4486301369863
44.0,590.0,590.0,0.0,100.0,0.0,25964.0,25380.0,584.0,43.461136702227854,95.42483660130719,51.96369989907934,43.45890410958904
45.0,590.0,590.0,0.0,100.0,0.0,26554.0,25970.0,584.0,44.471462575132286,95.42483660130719,50.953374026174906,44.46917808219178
46.0,590.0,588.0,2.0,99.66101694915254,0.3389830508474603,27144.0,26558.0,586.0,45.47836361456924,95.7516339869281,50.27327037235886,45.32081911262799
47.0,590.0,588.0,2.0,99.66101694915254,0.3389830508474603,27734.0,27146.0,588.0,46.4852646540062,96.07843137254902,49.59316671854282,46.166666666666664
48.0,590.0,590.0,0.0,100.0,0.0,28324.0,27736.0,588.0,47.49559052691063,96.07843137254902,48.58284084563839,47.17006802721088
49.0,590.0,590.0,0.0,100.0,0.0,28914.0,28326.0,588.0,48.50591639981506,96.07843137254902,47.57251497273396,48.173469387755105
50.0,590.0,590.0,0.0,100.0,0.0,29504.0,28916.0,588.0,49.51624227271949,96.07843137254902,46.56218909982953,49.17687074829932
51.0,591.0,591.0,0.0,100.0,0.0,30095.0,29507.0,588.0,50.52828056235766,96.07843137254902,45.55015081019136,50.18197278911565
52.0,590.0,588.0,2.0,99.66101694915254,0.3389830508474603,30685.0,30095.0,590.0,51.53518160179461,96.40522875816994,44.87004715637533,51.00847457627118
53.0,590.0,587.0,3.0,99.49152542372882,0.5084745762711833,31275.0,30682.0,593.0,52.540370224497835,96.89542483660131,44.35505461210347,51.74030354131535
54.0,590.0,590.0,0.0,100.0,0.0,31865.0,31272.0,593.0,53.550696097402266,96.89542483660131,43.34472873919904,52.735244519392914
55.0,590.0,590.0,0.0,100.0,0.0,32455.0,31862.0,593.0,54.56102197030669,96.89542483660131,42.33440286629462,53.73018549747049
56.0,590.0,590.0,0.0,100.0,0.0,33045.0,32452.0,593.0,55.57134784321112,96.89542483660131,41.324076993390186,54.72512647554806
57.0,590.0,587.0,3.0,99.49152542372882,0.5084745762711833,33635.0,33039.0,596.0,56.576536465914344,97.38562091503267,40.80908444911833,55.43456375838926
58.0,590.0,589.0,1.0,99.83050847457628,0.16949152542372303,34225.0,33628.0,597.0,57.58514992208504,97.54901960784314,39.9638696857581,56.32830820770519
59.0,590.0,590.0,0.0,100.0,0.0,34815.0,34218.0,597.0,58.59547579498947,97.54901960784314,38.95354381285367,57.31658291457286
60.0,590.0,590.0,0.0,100.0,0.0,35405.0,34808.0,597.0,59.6058016678939,97.54901960784314,37.943217939949236,58.30485762144053
61.0,590.0,590.0,0.0,100.0,0.0,35995.0,35398.0,597.0,60.61612754079833,97.54901960784314,36.932892067044804,59.29313232830821
62.0,591.0,591.0,0.0,100.0,0.0,36586.0,35989.0,597.0,61.628165830436494,97.54901960784314,35.92085377740664,60.28308207705193
63.0,590.0,590.0,0.0,100.0,0.0,37176.0,36579.0,597.0,62.638491703340925,97.54901960784314,34.91052790450221,61.2713567839196
64.0,590.0,590.0,0.0,100.0,0.0,37766.0,37169.0,597.0,63.64881757624536,97.54901960784314,33.90020203159778,62.25963149078727
65.0,590.0,590.0,0.0,100.0,0.0,38356.0,37759.0,597.0,64.65914344914978,97.54901960784314,32.889876158693355,63.24790619765494
66.0,590.0,590.0,0.0,100.0,0.0,38946.0,38349.0,597.0,65.66946932205421,97.54901960784314,31.879550285788923,64.23618090452261
67.0,590.0,590.0,0.0,100.0,0.0,39536.0,38939.0,597.0,66.67979519495864,97.54901960784314,30.869224412884492,65.22445561139028
68.0,590.0,589.0,1.0,99.83050847457628,0.16949152542372303,40126.0,39528.0,598.0,67.68840865112934,97.7124183006536,30.02400964952426,66.10033444816054
69.0,590.0,590.0,0.0,100.0,0.0,40716.0,40118.0,598.0,68.69873452403377,97.7124183006536,29.01368377661983,67.08695652173913
70.0,590.0,589.0,1.0,99.83050847457628,0.16949152542372303,41306.0,40707.0,599.0,69.70734798020446,97.87581699346406,28.168469013259596,67.95826377295492
71.0,590.0,590.0,0.0,100.0,0.0,41896.0,41297.0,599.0,70.71767385310889,97.87581699346406,27.158143140355165,68.9432387312187
72.0,590.0,590.0,0.0,100.0,0.0,42486.0,41887.0,599.0,71.72799972601332,97.87581699346406,26.147817267450733,69.92821368948248
73.0,591.0,589.0,2.0,99.66159052453469,0.33840947546531197,43077.0,42476.0,601.0,72.73661318218402,98.20261437908496,25.466001196900947,70.67554076539102
74.0,590.0,589.0,1.0,99.83050847457628,0.16949152542372303,43667.0,43065.0,602.0,73.74522663835471,98.36601307189542,24.620786433540715,71.53654485049834
75.0,590.0,590.0,0.0,100.0,0.0,44257.0,43655.0,602.0,74.75555251125914,98.36601307189542,23.610460560636284,72.51661129568106
76.0,590.0,590.0,0.0,100.0,0.0,44847.0,44245.0,602.0,75.76587838416357,98.36601307189542,22.600134687731853,73.49667774086379
77.0,590.0,590.0,0.0,100.0,0.0,45437.0,44835.0,602.0,76.776204257068,98.36601307189542,21.58980881482742,74.47674418604652
78.0,590.0,590.0,0.0,100.0,0.0,46027.0,45425.0,602.0,77.78653012997243,98.36601307189542,20.57948294192299,75.45681063122923
79.0,590.0,590.0,0.0,100.0,0.0,46617.0,46015.0,602.0,78.79685600287686,98.36601307189542,19.56915706901856,76.43687707641196
80.0,590.0,587.0,3.0,99.49152542372882,0.5084745762711833,47207.0,46602.0,605.0,79.80204462558008,98.85620915032679,19.05416452474671,77.02809917355371
81.0,590.0,588.0,2.0,99.66101694915254,0.3389830508474603,47797.0,47190.0,607.0,80.80894566501703,99.18300653594771,18.374060870930677,77.74299835255354
82.0,590.0,590.0,0.0,100.0,0.0,48387.0,47780.0,607.0,81.81927153792147,99.18300653594771,17.363734998026246,78.71499176276771
83.0,590.0,590.0,0.0,100.0,0.0,48977.0,48370.0,607.0,82.8295974108259,99.18300653594771,16.353409125121814,79.68698517298188
84.0,591.0,591.0,0.0,100.0,0.0,49568.0,48961.0,607.0,83.84163570046407,99.18300653594771,15.341370835483644,80.66062602965404
85.0,590.0,589.0,1.0,99.83050847457628,0.16949152542372303,50158.0,49550.0,608.0,84.85024915663476,99.34640522875817,14.496156072123412,81.4967105263158
86.0,590.0,590.0,0.0,100.0,0.0,50748.0,50140.0,608.0,85.86057502953919,99.34640522875817,13.48583019921898,82.46710526315789
87.0,590.0,589.0,1.0,99.83050847457628,0.16949152542372303,51338.0,50729.0,609.0,86.86918848570988,99.50980392156863,12.640615435858749,83.29885057471265
88.0,590.0,589.0,1.0,99.83050847457628,0.16949152542372303,51928.0,51318.0,610.0,87.87780194188058,99.67320261437908,11.795400672498502,84.12786885245902
89.0,590.0,590.0,0.0,100.0,0.0,52518.0,51908.0,610.0,88.88812781478501,99.67320261437908,10.78507479959407,85.09508196721312
90.0,590.0,590.0,0.0,100.0,0.0,53108.0,52498.0,610.0,89.89845368768944,99.67320261437908,9.77474892668964,86.0622950819672
91.0,590.0,590.0,0.0,100.0,0.0,53698.0,53088.0,610.0,90.90877956059387,99.67320261437908,8.764423053785208,87.02950819672131
92.0,590.0,590.0,0.0,100.0,0.0,54288.0,53678.0,610.0,91.9191054334983,99.67320261437908,7.754097180880777,87.99672131147541
93.0,590.0,590.0,0.0,100.0,0.0,54878.0,54268.0,610.0,92.92943130640272,99.67320261437908,6.74377130797636,88.96393442622951
94.0,590.0,589.0,1.0,99.83050847457628,0.16949152542372303,55468.0,54857.0,611.0,93.93804476257343,99.83660130718954,5.898556544616113,89.7823240589198
95.0,591.0,591.0,0.0,100.0,0.0,56059.0,55448.0,611.0,94.95008305221158,99.83660130718954,4.8865182549779576,90.74959083469722
96.0,590.0,590.0,0.0,100.0,0.0,56649.0,56038.0,611.0,95.96040892511601,99.83660130718954,3.8761923820735262,91.7152209492635
97.0,590.0,589.0,1.0,99.83050847457628,0.16949152542372303,57239.0,56627.0,612.0,96.9690223812867,100.0,3.030977618713294,92.52777777777777
98.0,590.0,590.0,0.0,100.0,0.0,57829.0,57217.0,612.0,97.97934825419114,100.0,2.0206517458088626,93.49183006535948
99.0,590.0,590.0,0.0,100.0,0.0,58419.0,57807.0,612.0,98.98967412709557,100.0,1.0103258729044313,94.45588235294117
100.0,590.0,590.0,0.0,100.0,0.0,59009.0,58397.0,612.0,100.0,100.0,0.0,95.41993464052288
